-0.01 0.0
-0.01 0.3
-0.01 0.6
-0.01 0.9
-0.03 0.0
-0.03 0.3
-0.03 0.6
-0.03 0.9
-0.05 0.0
-0.05 0.3
-0.05 0.6
-0.05 0.9
-0.07 0.0
-0.07 0.3
-0.07 0.6
0.0 0.0
0.0 0.3
0.0 0.6
0.0 0.9
-0.01 -0.3
-0.01 -0.6
-0.01 -0.9
-0.03 -0.3
-0.03 -0.6
-0.03 -0.9
-0.05 -0.3
-0.05 -0.6
-0.05 -0.9
-0.07 -0.3
-0.07 -0.6
0.0 -0.3
0.0 -0.6
0.0 -0.9
0.01 0.0
0.01 0.3
0.01 0.6
0.01 0.9
0.01 -0.3
0.01 -0.6
0.01 -0.9
0.03 0.0
0.03 0.3
0.03 0.6
0.03 0.9
0.03 -0.3
0.03 -0.6
0.03 -0.9
0.05 0.0
0.05 0.3
0.05 0.6
0.05 0.9
0.05 -0.3
0.05 -0.6
0.05 -0.9
0.1 0.0
0.1 0.3
0.1 0.6
0.1 0.9
0.1 -0.3
0.1 -0.6
0.1 -0.9
0.2 0.0
0.2 0.3
0.2 0.6
0.2 0.9
0.2 -0.3
0.2 -0.6
0.2 -0.9
0.3 0.0
0.3 0.3
0.3 0.6
0.3 0.9
0.3 -0.3
0.3 -0.6
0.3 -0.9
0.4 0.0
0.4 0.3
0.4 0.6
0.4 0.9
0.4 -0.3
0.4 -0.6
0.4 -0.9
0.6 0.0
0.6 0.3
0.6 0.6
0.6 0.9
0.6 -0.3
0.6 -0.6
0.6 -0.9
0.8 0.0
0.8 0.3
0.8 0.6
0.8 0.9
0.8 -0.3
0.8 -0.6
0.8 -0.9
1.0 0.0
1.0 0.3
1.0 0.6
1.0 0.9
1.0 -0.3
1.0 -0.6
1.0 -0.9
